APP_TOUR_TAG_FILTER_IS_SELECTED=true
GRAPH_IS_GRAPH_OVERLAPPED=true
WEATHER_WEATHER_PROVIDER_ID=OpenWeatherMap
application.data-filter-is-modified=0.431385840882447
eclipse.preferences.version=1
graphs.all=1000,1003,1001,1008,1004,1005,1009,1002,1006,1007,1100,1101,1102,1103,1104,1200,1201,1300,1301,1302,2000,
graphs.visible=1000,1003,1001,1008,1004,1005,1009,1002,1006,1007,1100,1101,1102,1103,1104,1200,1201,1300,1301,1302,2000,
tourperson.list.is-modified=0.6671248429155229
